0.05 0.03 0.03 -> 0.323634 0.455776
0.10 0.03 0.03 -> 0.320605 0.460044
0.20 0.03 0.03 -> 0.324775 0.458820
0.10 0.05 0.05 -> 0.325672 0.458204
0.10 0.08 0.08 -> 0.323871 0.459618
0.10 0.10 0.10 -> 0.324643 0.458040
0.20 0.05 0.05 -> 0.331724 0.460536
0.05 0.08 0.08 -> 0.321143 0.450962

0.05 0.20 0.20 -> 0.321213 0.451657
0.10 0.20 0.20 -> 0.314363 0.450840
0.20 0.20 0.20 -> 0.321592 0.457424
0.20 0.30 0.30 -> 0.315397 0.445805 
0.10 0.30 0.30 -> 0.313039 0.444146
0.05 0.30 0.30 -> 0.313549 0.444240
0.10 0.40 0.40 -> 0.311257 0.445791
